1;

dc = [0.1:0.1:10];
dA = dc.^2;

d = [0.1 1 10];
A = d.^2;