1;

x = 0.1:0.1:10;
y = x.^2;
